1;1.4276713912462055e-15,0.9999999999989865,1.0062971348306385e-12,6.121262513025504e-16,5.233217191412324e-15
2;2.1234650365681423e-13,0.9999999999864245,1.2484101605596422e-11,7.467076386650873e-14,8.043873158560334e-13
3;0.0004437743368564038,0.9984536315308532,0.00012050328422439438,0.0002057504528165618,0.0007763403952493928
4;0.06851670911182667,0.5676491102654223,6.994940297005963e-05,0.06621153295423424,0.2975526982655468
5;2.121930071948531e-07,0.9999986983118669,3.8414511969660126e-07,8.529319189715558e-08,6.200568142273599e-07
6;5.67793330343775e-13,0.9999999999775301,2.0076973194396747e-11,2.244188937038335e-13,1.6008517280808416e-12
7;1.5884480833014677e-07,0.9999707966380673,2.8603014793835265e-05,5.3294906335814535e-08,3.882074240615047e-07
8;4.4082585370384954e-12,0.9999999948063878,5.172211635674261e-09,2.1474886215775283e-12,1.4844743932333995e-11
9;0.0009223662418227015,0.9714459372748019,0.02497597628244935,0.00047522281436011897,0.0021804973865660704
10;4.122106722047166e-11,0.9999999987928716,1.083426325337338e-09,1.417560059360698e-11,6.830544894870988e-11
11;1.4196072612925813e-05,0.993893456090729,0.006050756403452209,6.645859341031028e-06,3.494557386469022e-05
12;0.0125012375615769,0.698268350331474,0.25969353042488785,0.004026624789756901,0.025510256892304302
13;2.94942981421825e-10,0.9999999295270141,6.93412499234433e-08,9.764680620789447e-11,7.391462093056874e-10
14;0.041526657255777304,0.8342265221582236,0.050984365801592865,0.011941490054592128,0.06132096472981419
15;3.150697776752705e-08,0.9999939639899162,5.892191133922338e-06,1.167510206351382e-08,1.0063687008047515e-07
16;1.9078530285357262e-10,0.9999988917482547,1.1073981501899059e-06,8.561272426205721e-11,5.771970268579367e-10
17;1.662017440413565e-18,1.0,3.5113311628543694e-17,8.003499348873143e-19,4.1068074610317694e-18
18;1.8588752987277695e-11,0.999999999801736,1.3386828740197348e-10,5.62152085796022e-12,4.018537738223488e-11
19;0.02509053464300259,0.8564777170522889,0.030328612708369448,0.01894878053974533,0.0691543550565936
20;0.016382043366461367,0.6876051159774169,0.26552754711674265,0.009840874205605267,0.02064441933377367
21;2.8287390538983573e-14,0.9999999992631468,7.367276746235711e-10,9.61972678019693e-15,8.775935924818843e-14
22;1.111078845815979e-16,0.9999999999996423,3.57048491292225e-13,3.8655090369882974e-17,4.446979409650339e-16
23;6.643090291727257e-16,0.9999999999999828,1.4103391891169142e-14,2.3556852036209985e-16,2.308488532237624e-15
24;3.104878401485597e-08,0.9999998362615962,2.897331492810086e-08,1.5932743955363242e-08,8.778356096313853e-08
25;0.00014794150754883167,0.9904762062985416,0.008848180705319142,4.470835502568891e-05,0.00048296313356465634
26;1.4080277269727844e-21,1.0,5.437635173657443e-19,3.9926090986672683e-22,4.9829812595654156e-21
27;0.044531526924092,0.8437977420105656,0.0007209203517455909,0.04728029567413975,0.06366951503945706
28;2.4060347892857516e-07,0.9999067277582314,9.24033568150876e-05,1.077396198187004e-07,5.205418546795611e-07
29;3.393113190893695e-16,0.999999999999996,2.796383654929301e-15,1.1090300120504848e-16,5.590142880066682e-16
30;5.7624678269648455e-11,0.9999999985361032,1.1866902769722218e-09,3.70498205685175e-11,1.8253198171268068e-10
31;0.002210000474713388,0.9545094427319604,0.03652750185379491,0.0009748593865300484,0.005778195553001302
32;1.6157303604652076e-07,0.9999983460000208,1.176768104277274e-06,7.566962706218202e-08,2.3998921173336495e-07
33;0.0035632650067358,2.670971457938678e-06,0.9890688675582298,0.002146086815211815,0.005219109648364738
34;0.09418279521391452,0.5837431414400125,0.00014318223167954743,0.04631637596558108,0.27561450514881225
35;1.0662798370097366e-08,0.9999999448807784,8.380717484606905e-09,2.428304051458243e-09,3.3647401655789844e-08
36;0.27938746327465586,1.7006492752315465e-05,3.311055188970117e-10,0.6474070981852177,0.07318843171626851
37;2.787861440558983e-10,0.9999996161096345,3.8279719813380194e-07,1.0808199523541135e-10,7.062991452485764e-10
38;0.0060087730397768765,0.7932073356226859,0.18476331884921182,0.002987320666647802,0.013033251821677591
39;0.23556009438520695,0.3553307562021602,0.006553506406319573,0.17652833960453695,0.22602730340177635
40;0.09675590258533147,0.612371447240746,0.018842494461468778,0.065109474046552,0.20692068166590163
41;4.681280079470924e-06,0.9999694252637966,9.200979503860123e-06,2.8088246808038528e-06,1.3883651939376872e-05
42;0.00010769789770779026,0.9826433811478851,0.016941479113507497,5.589270637494957e-05,0.00025154913452447153
43;5.854210053143886e-10,0.9999999530880205,4.446589780038479e-08,2.394294462007525e-10,1.6212312909752668e-09
44;3.678313438325664e-15,0.9999999999996256,3.589096171170063e-13,1.6665809057696506e-15,1.012000099864481e-14
45;3.6576186082233424e-06,0.9999705317630561,1.642345270573098e-05,1.7608904900321228e-06,7.6262751399055696e-06
46;0.028508477475969053,0.8926917902076527,0.004461451030367275,0.04221544550087596,0.03212283578513515
47;4.92339689236005e-07,0.9985801286120308,0.0014172104921512587,3.3886536271231095e-07,1.8296907661119725e-06
48;2.264863453781792e-13,0.9999999999880159,1.1088209421813258e-11,7.482055802837425e-14,5.944561085386059e-13
49;2.2388755961330434e-09,0.9999999725957633,1.916833212776338e-08,1.0192816071426234e-09,4.977747297109034e-09
50;0.3656255765252416,2.2420127730840726e-19,0.0008658498007059006,0.3974477497896496,0.23606082388440297
51;0.011001294547788223,0.664325866047279,0.2982724075183217,0.003644584942953097,0.022755846943658002
52;2.1565350843363593e-14,0.9999999999998794,2.998059430622578e-14,1.1856029992729e-14,5.733077815313415e-14
53;0.00010790107069206782,0.9446244804157294,0.05507261296707519,4.0785590167722184e-05,0.0001542199563356379
54;1.1497281712133403e-10,0.999999847627013,1.5178072746590186e-07,3.421944567040377e-11,4.430671162029266e-10
55;4.055358837551661e-08,0.9999986742252681,1.091195540547201e-06,4.032317070231351e-08,1.5370243221971737e-07
56;2.8673101424686635e-14,0.9999999999963164,3.554440099122944e-12,9.460609488004563e-15,9.11975940104998e-14
57;1.6196413447610788e-06,0.9997472201640794,0.0002464550045833412,7.480122743137138e-07,3.957177718186179e-06
58;5.347863646167753e-06,0.9999157467887608,6.894852968242038e-05,1.6483740023784326e-06,8.308443908206975e-06
59;8.704123283985834e-08,0.9999963655049658,3.27289077044445e-06,4.099665446179532e-08,2.335663762693727e-07
60;2.2674117669164855e-11,0.9999999997462135,1.8465855449760928e-10,6.152887789773984e-12,4.0300936522096566e-11
61;1.6768202563083948e-10,0.9999993125152724,6.868631412271916e-07,5.3763475317441294e-11,4.0014090278867044e-10
62;2.162233104125351e-13,0.9999999999516638,4.7400732967755694e-11,8.726898878104473e-14,6.3225229379751e-13
63;2.0533264563760798e-07,0.9966466313773732,0.003352414578001121,1.1041986495906765e-07,6.382921148513523e-07
64;2.562114765730309e-11,0.9999999984454204,1.4534345529135109e-09,1.1836876430706251e-11,6.368716207684329e-11
65;0.0011133271094025516,0.9154550417418261,0.08120593061202788,0.0004984691138263397,0.001727231422917185
66;5.808144966171295e-06,0.9969076969493258,0.0030763180219305756,1.3677758065193627e-06,8.809107970868203e-06
67;4.607104574434353e-25,1.0,5.32665654320059e-23,1.4827324134301448e-25,2.391997431230536e-24
68;1.8801553669346896e-19,1.0,2.6917636572932053e-17,6.686342600920664e-20,6.496535307074121e-19
69;9.929134832466469e-17,0.9999999999999967,2.9164450597119877e-15,2.949511389108745e-17,2.2400832041623025e-16
70;5.562102407905638e-22,1.0,2.072429552371243e-19,1.7303504955597162e-22,2.2723496077287213e-21
71;0.09563101568802046,0.7404199326882136,0.034917180083004845,0.027877196561671935,0.10115467497908909
72;0.0009826013828362749,0.9808926494742373,0.01581978954403303,0.0004577522940351127,0.0018472073048581873
73;1.3475204323283739e-11,0.9999999997544374,1.974713703970977e-10,4.0923502267453924e-12,3.052360710483392e-11
74;1.052523347200145e-20,1.0,3.536992602131326e-17,3.8918857435552394e-21,2.178599272632273e-20
75;4.857781371266669e-09,0.9999999789096561,4.97163418415854e-09,2.523267534922814e-09,8.737661022792852e-09
76;3.81320772078935e-09,0.9999994016883977,5.862656574766031e-07,1.4901524473338325e-09,6.742584515430047e-09
77;4.124934923385086e-09,0.9999999826911665,3.186968559363865e-09,2.2698600228554092e-09,7.727070035692846e-09
78;0.06667056605085535,0.7923638850696887,0.052525717569465585,0.02241509507485342,0.06602473623513694
79;2.0267008288522945e-05,0.9999155753066211,1.2466225372476273e-05,9.428074814535193e-06,4.2263384903180466e-05
80;3.158505895373203e-14,0.9999999999949651,4.9267730040080254e-12,8.521874882692868e-15,6.783898428111135e-14
81;2.2622790727751405e-08,0.9999992833716165,6.200048592449791e-07,1.316794451342188e-08,6.0832789154715e-08
82;9.505339490270613e-17,0.9999999999999909,8.947490635465053e-15,2.557284837248445e-17,2.758989919943163e-16
83;2.77819095067298e-05,0.9359084168947939,0.06397943191259664,1.2967346571856122e-05,7.140193653081784e-05
84;6.08283518909506e-14,0.9999999999964269,3.266481911799519e-12,2.189694248372925e-14,2.237955722555204e-13
85;3.250423622312338e-11,0.9999999992405784,6.466294029195336e-10,1.1969247241662582e-11,6.83187940141363e-11
86;8.467452556204517e-06,0.9999713100527176,1.5876207885074007e-12,7.74874229608963e-06,1.2473750842540338e-05
87;2.804403406051557e-08,0.999590643090077,0.00040924167450377376,8.820757695932476e-09,7.837062753325719e-08
88;0.0021353520992209974,0.9903035180612616,0.00012845271379021515,0.00062760717685209,0.006805069948875264
89;0.040380488775422704,0.8807187610036749,0.004315697252155358,0.02036784142173004,0.05421721154701699
90;1.8386643888690751e-07,0.9999817878065301,1.7653833665223285e-05,6.8050321605608e-08,3.064430442225848e-07
91;3.1154003365601263e-07,0.9997403461094193,0.0002576018959368339,2.0155913313327795e-07,1.5388954769348932e-06
92;1.4575622003765998e-19,1.0,2.905291157495061e-17,4.664985476443981e-20,6.315797618640297e-19
93;0.00010847683099561173,0.9521047546120179,0.04729854473933382,7.230853250083588e-05,0.0004159152851518613
94;2.453402394141272e-21,1.0,2.5559366579139173e-20,8.074385474761633e-22,7.693110475796652e-21
95;2.8419408384193925e-09,0.999998945974872,1.0436596078930952e-06,9.696375259582213e-10,6.553941671750435e-09
96;4.721981354296919e-09,0.9999993983664437,5.736140077200449e-07,3.5934929456365746e-09,1.970407435727046e-08
97;0.02830950119193946,0.6067248176898683,0.27460335666498203,0.018755637215854513,0.07160668723735585
98;3.251339233596868e-05,0.9996500686968766,0.00019347678251127785,1.7410637971384208e-05,0.00010653049030467601
99;2.3377610938796726e-06,0.9997321782933067,0.0002588112273626026,1.0041275314442945e-06,5.668590705454352e-06
100;7.933669422669631e-09,0.9999813027224127,1.8661158122941196e-05,2.8115311007479008e-09,2.5374263538388244e-08
101;1.0599705089086264e-09,0.999999885297593,1.107374997989231e-07,4.4361666213931894e-10,2.461320200823828e-09
102;1.9360805247168124e-11,0.9999999970897565,2.812825768816494e-09,7.934320548483663e-12,7.01226388002579e-11
103;2.6520024044355652e-05,0.984737851511702,0.015173115024708077,1.0156256514039872e-05,5.235718303155616e-05
104;2.412280467876174e-07,0.9999738202219451,2.525857759979231e-05,1.0507451979527977e-07,5.748978885518793e-07
105;4.811371980376914e-22,1.0,1.0877450882404474e-18,1.6152999844336292e-22,1.2425963805788712e-21
106;4.622572937575758e-09,0.999999969113532,1.7444764246084207e-08,3.3259461464860545e-09,5.4931847658994355e-09
107;0.016404643456296074,0.880779897014782,0.03590152629931511,0.00815546933551171,0.058758463894095
108;3.184013898539381e-09,0.9999998590662572,1.3003651103006195e-07,1.009819050206513e-09,6.703398800775043e-09
109;0.0005905799779194175,0.9219058155746076,0.07552067616327854,0.0002915339121085975,0.0016913943720859822
110;3.6011593866090136e-09,0.9999922426754654,7.744493817412347e-06,1.1758062799489144e-09,8.05375148077127e-09
111;5.04638207970037e-06,0.9427795371351806,0.05720488281501233,1.1230109069708353e-06,9.410656820307639e-06
112;3.261765287457663e-12,0.9999999996188473,3.7277420471428087e-10,6.492185794657145e-13,4.467480966491665e-12
113;0.04066518014994406,0.7275813176395952,0.03285278454170148,0.026317899938795315,0.17258281772996392
114;7.685919409223582e-07,0.9999716692961063,2.4310706825409904e-05,2.508422967607266e-07,3.000562830735159e-06
115;7.063656359410425e-10,0.9999999942988125,2.5709964433495055e-09,4.4370957499403404e-10,1.9801159700481382e-09
116;1.0287357406655383e-10,0.9999990511814614,9.484820187778917e-07,3.8485147467450367e-11,1.951611707252101e-10
117;1.9536822467404387e-19,0.9999999999999999,1.3150636823938839e-16,7.264254130006322e-20,1.2372126953331252e-18
118;9.86916113515472e-14,0.9999999999992821,9.92501009118621e-14,5.305654274704836e-14,4.668843639569042e-13
119;2.6337029251344703e-07,0.9999988130025881,2.2121669795682888e-07,8.679684666457605e-08,6.156135746881213e-07
120;6.729163872183754e-13,0.9999999999532861,4.3055488565747224e-11,4.184936221689103e-13,2.5668499187245746e-12
121;1.9732642086765099e-13,0.9999999999204943,7.872017483950997e-11,6.060749619714837e-14,5.27760013151538e-13
122;0.07918183763364717,0.537688493093569,0.273728744177706,0.04165584119578789,0.06774508389928979
123;0.17579827436430207,0.5188622765569723,0.0024092956414699675,0.07140631667739383,0.2315238367598618
124;0.4566372442186239,0.1523195727506498,0.01629120712445938,0.13423963496779495,0.24051234093847196
125;0.000137048007267688,0.9025184199127075,0.09694906602743822,6.122528410874063e-05,0.00033424076847775926
126;0.34855762466312146,0.004937305736763638,3.3455741658387716e-05,0.4293135503513398,0.2171580635071167
127;0.2824318076706189,1.9493261206037655e-07,0.003950350566853448,0.5429027522393731,0.17071489459054262
128;4.1808111311280536e-05,0.9980495574146143,0.001817500710196349,1.9351375276246586e-05,7.178238860171679e-05
129;2.982254292843119e-14,0.9999999999998813,1.753623170028148e-14,6.536615963651852e-15,6.4760177356953e-14
130;2.91955177849227e-07,0.9999414257095822,5.757807421059581e-05,1.0465641234865943e-07,5.99604617016312e-07
131;0.1609359398130656,0.5671307431104625,1.684654788496871e-05,0.06924596056513248,0.20267050996345448
132;2.05048690623143e-06,0.999938965442595,5.191522101491965e-05,1.6320421520863307e-06,5.4368073316737315e-06
133;9.663261977798859e-06,0.9983744874396121,0.0015540158828559567,5.130257824831389e-06,5.670315772920825e-05
134;0.18455476514678484,0.03257161521917664,0.3386089968355515,0.23215744059607438,0.2121071822024125
135;1.5686662919231864e-27,1.0,6.7663459764676425e-28,7.760180505211319e-28,8.823778008553958e-27
136;5.555849977419526e-11,0.9999999996683313,2.0617787215177396e-10,2.0576573855562738e-11,4.935565192952651e-11
137;2.995943776023781e-07,0.999998529864633,4.4296368666991085e-08,1.9210269829384311e-07,9.341419223921158e-07
138;9.9492639318253e-16,0.9999999999996751,3.184736099321946e-13,5.281268019691996e-16,4.872528883860739e-15
139;0.0016286384137782885,0.9611354682859294,0.03177944273372287,0.0008064442510761624,0.004650006315493428
140;3.983425613430003e-17,0.9999999999999999,4.033003651686509e-20,1.3618411510523893e-17,1.4587411058244203e-16
141;1.3576124316722393e-05,0.763304812889088,0.23665169896475066,5.877437530087061e-06,2.4034584314678203e-05
142;7.2679054897116775e-12,0.9999999998751488,9.735960260821579e-11,3.578401612263132e-12,1.6645235570628026e-11
143;0.001766770514659937,0.6872857716498282,0.30793226829384285,0.0009491731895955401,0.0020660163520737035
144;8.389417838738913e-17,0.9999999999999789,2.063459842940623e-14,3.0625718315219674e-17,3.6687908767689533e-16
145;4.935031098874018e-09,0.9999993390389346,6.414635112392862e-07,2.033537640819441e-09,1.2528985410723766e-08
146;1.8947464426444135e-06,0.9977885027230259,0.002194695588391019,5.32404789450946e-07,1.4374537351011763e-05
147;0.025776140005692973,1.510004497168813e-07,0.9181185414801022,0.02129460916707679,0.03481055834667831
148;0.00994669798317987,0.9065974310711501,0.04906506132180086,0.004390837213978891,0.029999972409890288
149;1.8660996667393512e-12,0.9999999999901876,3.653104171066311e-12,6.360805727048147e-13,3.657162179063791e-12
150;0.2615757914670575,2.1999506026581796e-08,0.06337409493266713,0.31548687425759087,0.3595632173431785
151;2.468146322865455e-08,0.999999762236562,1.3883618767696687e-07,1.0273531788800937e-08,6.397225542786404e-08
152;2.0735125038908393e-05,0.9216840048913683,0.07824033178376558,8.50192460683039e-06,4.642627522040194e-05
153;0.07082055800448663,0.5344158877186121,0.18402062634818914,0.10179327188900666,0.10894965603970541
154;9.087350900751105e-19,0.9999999999999999,7.486951521486902e-17,3.2357480034932673e-19,6.3431808402435845e-18
155;6.0460995228368853e-05,0.999863935831427,1.0529287530528365e-10,4.110182106598921e-05,3.450124698579238e-05
156;4.2792135128561053e-19,0.9999999999999991,9.174589863068377e-16,2.5964632101666686e-19,2.7594495163900878e-18
157;2.433991959395534e-10,0.9999999976441516,1.6722933333996864e-09,7.337734537229553e-11,3.6677853643884644e-10
158;1.3659774483162758e-15,0.9999999999998886,1.0502322747639175e-13,4.131655242096028e-16,4.515669577212707e-15
159;0.0006324000221076402,0.9955624928645652,0.0022166308392321645,0.00027417699470575423,0.0013142992793891272
160;2.2715462277848928e-06,0.9999257138397126,6.625302412246046e-05,1.0090160426620947e-06,4.752573894476286e-06
161;9.066141309311455e-06,0.9993192348614722,0.0006410312222751668,4.498977159033297e-06,2.6168797784261996e-05
162;6.824207769488678e-08,0.9999951292579065,4.612006086812317e-06,3.661770247549258e-08,1.5387622668825926e-07
163;1.0219527416969875e-17,0.9999999999999611,3.8848014973798456e-14,3.491378694234913e-18,5.4253374523186704e-17
164;0.0032648399645144096,0.8094927364919002,0.17830870923521924,0.0021926441099929432,0.006741070198373271
165;0.00032043121614946533,0.9664787360045952,0.03174237184739397,0.00018739572355112914,0.0012710652083104288
166;0.0005503204951112963,0.935465859841215,0.062415222778048694,0.00036417095749207367,0.0012044259281328493
167;1.275796776410947e-13,0.9999999944167668,5.5825717409022865e-09,4.34594221494739e-14,4.902816432426131e-13
168;0.0002490475682973135,0.9337726900085273,0.06539002042013566,9.886374337047446e-05,0.0004893782596691987
169;5.8373833375863806e-05,0.8482984666528272,0.15148183541817012,2.6722688504721557e-05,0.00013460140712224123
170;2.4136719711446954e-05,0.9955376520463776,0.004364598149737191,5.7874389251170205e-06,6.782564524873902e-05
171;9.086792754920038e-27,1.0,3.392188334735906e-25,3.567724116074605e-27,3.73935131988915e-26
172;0.11784569636909134,0.602086953178926,0.00021245938743232694,0.06805555489786382,0.21179933616668656
173;1.5659232318741933e-16,0.9999999999999449,5.4144958287502156e-14,4.3119952515605925e-17,6.735731653520456e-16
174;1.609397808635461e-09,0.9999999735524783,1.9472187668771056e-08,5.783204928409263e-10,4.787615901249873e-09
175;1.7470446174280256e-06,0.9999183984473808,7.468319353757933e-05,9.025175129987372e-07,4.268796951187986e-06
176;6.46963053092392e-10,0.9999999934231928,4.4038686866090415e-09,3.0716132004203436e-10,1.2188141955070332e-09
177;1.079711910818835e-17,0.9999999999999993,6.401832490414551e-16,3.898913955105919e-18,2.775997323084953e-17
178;4.451210779628326e-09,0.9999961415598025,3.839516221063951e-06,1.5568332382234934e-09,1.2915932412133004e-08
179;2.427115899962991e-07,0.5639998585039564,0.43599943166029376,1.6581210126822008e-07,3.0131205861310986e-07
180;0.019835892392049487,0.8108936015555362,0.11836146634492248,0.01221864804485903,0.03869039166263278
181;6.718905655963361e-12,0.013912942285799956,0.9860870576892703,2.580184190409232e-12,1.5630764989437153e-11
182;0.00011010367790300378,0.6984577354206095,0.30115885972949846,3.4374197149407266e-05,0.0002389269748396708
183;0.001311496884373213,0.8948464870598172,0.10063473613130508,0.0009295403002162288,0.0022777396242882747
184;1.079490721814552e-11,0.9999999998812505,7.578583353337913e-11,4.701147426378369e-12,2.746761483797186e-11
185;0.17561359676469998,0.4977787643764855,0.03155884844724872,0.06068233729783402,0.23436645311373186
186;0.014119556631629124,0.5659578720272359,0.3821393611558529,0.0061029987292573135,0.03168021145602471
187;1.6892501104732864e-06,0.9999917076502909,1.7491350707549385e-06,1.0360733456462e-06,3.817891182341477e-06
188;4.396577936285235e-10,0.9999999576896834,4.021158087564157e-08,1.6674608076716972e-10,1.4923317652347316e-09
189;1.0048210034433904e-05,0.999888465332491,6.913389868559011e-05,4.672744275511833e-06,2.767981451336428e-05
190;1.4434809977002412e-09,0.9999995280862852,4.6667559152561554e-07,5.010558706010719e-10,3.2935863064811355e-09
191;3.9446249569458077e-29,1.0,5.264916875909157e-24,5.485077311558904e-30,2.9731901369763104e-28
192;1.0905850431896931e-05,0.9998016675221737,0.0001702126052199437,4.641973402422611e-06,1.2572048772151124e-05
193;6.925735424477262e-15,0.9999999999991234,8.476191223687112e-13,2.1366547554551156e-15,1.9978445537924854e-14
194;7.082169338545947e-16,0.9999999999999499,4.684396058150393e-14,2.369772216212414e-16,2.2039099831731326e-15
195;2.2802572955675492e-20,0.9999999999999996,5.493705472958824e-16,7.681301649956011e-21,8.531896970001904e-20
196;0.049139033408887665,0.6487898016718989,0.1786299600493169,0.02836886762067365,0.09507233724922273
197;0.00012030776214123898,0.9039076844578161,0.09561822908819327,5.871769931276778e-05,0.00029506099253658817
198;6.534558918410087e-14,0.9999999999974705,2.221643628889794e-12,3.0031349279006707e-14,2.1243878749622322e-13
199;2.2898053419367307e-14,0.9999999999738393,2.6069011399987852e-11,4.380436254340292e-15,6.447325151489831e-14
200;2.086591241668461e-10,0.9999996468153243,3.523418790145602e-07,7.261943712720754e-11,5.615180214952655e-10
201;3.940123254820665e-07,0.9999805846246306,1.797194229509358e-05,1.750692598442276e-07,8.743514890227439e-07
202;0.36362544792750695,1.3722817591314452e-07,0.18959945408809514,0.22705590203662965,0.21971905871959246
203;0.011026098736683792,0.7174411710524793,0.2455386427673226,0.005930198293138229,0.020063889150376175
204;9.042939380996786e-14,0.9999999999993489,1.328037335326941e-14,6.169767800988865e-14,4.857358760801522e-13
205;5.452739069674278e-07,0.7799219248417465,0.22007492424828104,2.0378564727234252e-07,2.40185041823422e-06
206;1.664309472492245e-10,0.08528200333847216,0.9147179962588267,7.207646310863322e-11,1.6419386499187122e-10
207;1.830548803455825e-08,0.9999867733455778,1.3155153559305842e-05,5.746854959108279e-09,4.744851985528254e-08
208;0.00019816093556608347,0.7235290516525068,0.27587566843666206,7.03061710391396e-05,0.0003268128042260776
209;3.5870178808756393e-10,0.9999999698373038,2.797866698205877e-08,2.9683966188289723e-10,1.5284877126435657e-09
210;2.8426746901528794e-19,1.0,7.139544610341617e-18,9.463230984407744e-20,9.952228657673433e-19
211;1.3223084702583796e-07,0.7924623324835987,0.20753716509774425,8.408482604879466e-08,2.8610298399800145e-07
212;0.0582435524182587,0.476966649817858,0.3493305910140047,0.024558818679518892,0.09090038807035972
213;1.2948561295608952e-11,0.999999999690406,2.6456770636679143e-10,4.722979180968625e-12,2.7354757415029265e-11
214;0.007461745124039083,0.9714927681391532,0.007863346437712809,0.003525864923604772,0.009656275375490275
215;7.201442759139339e-14,0.9999999999972229,2.5203676866346705e-12,2.172868856231031e-14,1.6297440443315969e-13
216;1.2327082659308013e-10,0.9999999992215668,4.3803712850752325e-10,5.212629768992193e-11,1.649989971812715e-10
217;0.006975703201755268,0.9574925551720499,0.021266168509956072,0.0039000633766044872,0.0103655097396343
218;1.4674584808158186e-16,0.9999999999999989,1.365095860242621e-16,7.656547515305429e-17,8.34736350650761e-16
219;4.1971671144621596e-12,0.9999999999708787,7.263948973642358e-12,3.454785517150303e-12,1.4205413719616238e-11
220;0.0013797406042273701,0.5286814144845912,0.46753909457823495,0.00026807253599629477,0.0021316777969501402
221;1.5855926043782022e-10,0.9999999975842756,1.8348475617622446e-09,7.244089305924711e-11,3.4987678065349767e-10
222;1.0956099401552188e-14,0.9999999999862763,1.3662523385381684e-11,4.0207355586684445e-15,4.6193026273834504e-14
223;0.0014537988549803234,0.9667451208748838,0.028324878255678962,0.000555417329772569,0.0029207846846841827
224;4.679077048469687e-06,0.7735427813746482,0.22643685531141944,1.831905839079675e-06,1.3852331044821991e-05
225;4.412854447094008e-07,0.9999729699193657,2.498025057736382e-05,3.665718063747669e-07,1.2419728057743567e-06
226;0.005690304767638776,0.7442678799397983,0.2369984815454235,0.0030187372185118163,0.01002459652862754
227;1.3793807425649436e-21,1.0,7.798842836006262e-20,4.111836477798326e-22,5.496381079811676e-21
228;0.3851106415390108,0.3071860319997061,4.265540014204208e-09,0.10723453522180558,0.20046878697393744
229;0.045538701922017366,0.4108044933250102,0.4647822998453788,0.04013177084954985,0.038742734058043925
230;0.0005742849420754852,0.8954746491328334,0.10274906708646815,0.00020396636463060168,0.0009980324739924979
231;0.004041053107753056,0.9588284735774953,0.0278763231692447,0.0016355678073496297,0.007618582338157364
232;4.779634778245664e-06,0.9999534690632408,2.9286170344742256e-05,2.194503716558518e-06,1.0270627919471778e-05
233;0.010307087559334044,0.8604719611701455,0.11211967501153419,0.006034452102954066,0.011066824156032207
234;9.869667292031857e-14,0.9999999999930145,6.512741743078407e-12,4.093940142525818e-14,3.331210998019931e-13
235;1.2261625078622377e-11,0.9999999999227343,1.4834438972540582e-11,6.61714699838921e-12,4.355263689649446e-11
236;0.0010871994006355354,0.9359720968213944,0.06058073931599043,0.0006102363501042816,0.0017497281118754504
237;3.164501094157558e-20,0.9999999999999998,1.0341129735087666e-16,9.783636808869366e-21,9.294664758184481e-20
238;1.9978194294529812e-07,0.9990419523784415,0.0009572551654012081,8.144670003363152e-08,5.112275144547215e-07
239;0.1781119677647639,0.5848398907278602,0.01763923414831816,0.038160824248912366,0.18124808311014545
240;2.7801925469316084e-24,1.0,7.350170954962374e-22,5.851917281125018e-25,9.216453899364182e-24
241;3.477252641103876e-08,0.999999732190638,1.637771157210978e-07,1.089512894229846e-08,5.836459098352828e-08
242;0.3420529046635087,0.31626814391631597,0.00022342356022294146,0.11901021293810621,0.22244531492184633
243;2.6758781897012317e-12,0.9999999999043159,8.763938041952614e-11,7.058501875898526e-13,4.663035132307163e-12
244;2.0244559576527206e-07,0.9999947423332367,4.532201556217516e-06,6.021840609717553e-08,4.628012050754779e-07
245;0.02280522281063709,0.12244216299188117,0.784132072314489,0.014302099030794949,0.056318442852197836
246;1.5240308096746373e-14,0.9999999999976328,2.302655708909651e-12,5.168556604581813e-15,4.414135699438578e-14
247;3.110150990658135e-08,0.9999967100958661,3.1948186897431916e-06,2.0377790931861098e-08,4.360614327537065e-08
248;3.4921614432286574e-11,0.9999999998345025,5.5599870649932587e-11,1.1980534671719437e-11,6.299531689023437e-11
249;2.9747151369643366e-13,0.9999999999965651,2.220316709406858e-12,1.0978029163167361e-13,8.072682146126779e-13
250;1.6627648499025162e-07,0.9999629529805802,3.640671528654181e-05,6.32289046177856e-08,4.1079874351823894e-07
251;2.992061576547485e-20,1.0,3.8436797698702446e-18,1.074470163847119e-20,8.10565440492377e-20
252;0.00046123484975018556,0.996461209950635,0.0022112133908790566,0.0003168847904477084,0.0005494570182879917
253;1.6596232171341107e-06,0.9748070148975453,0.02518634776485806,6.388726753123735e-07,4.338841704179534e-06
254;1.5786707885982662e-09,0.999999924960172,6.93581131099149e-08,5.319740783120181e-10,3.5710699199363743e-09
255;0.006099417096743685,0.9607345596620531,0.017153683443792624,0.0031453562418838014,0.012866983555526719
256;0.00010744522639230089,0.9361796495579056,0.06341735301834156,4.2250665379629565e-05,0.0002533015319809638
257;0.0008088113617094491,0.3843832955210161,0.6143247825169604,0.00021544623435010098,0.0002676643659639409
258;0.181760119142074,0.49549990003006783,0.08508154543298457,0.04607156885862311,0.1915868665362506
259;1.7982261541640093e-11,0.9999999998843738,2.7037605746125137e-11,7.47666734370742e-12,6.312971361208476e-11
260;0.16754585547517092,0.36162343282228804,0.04856084192843367,0.09961810378925624,0.3226517659848512
261;0.3449222779264469,5.213694197365223e-07,0.11205710884069844,0.22215540618853336,0.3208646856749015
262;0.0003631978544548509,0.9805069925424629,0.018283716626265028,0.00012623344369280798,0.0007198595331244252
263;4.877657128467363e-07,0.9999958623428645,2.2171090952595546e-06,2.016392092706786e-07,1.231143118070382e-06
264;2.093061080424606e-08,0.9980977541217693,0.0019021560086261201,8.332736429980775e-09,6.060625744047462e-08
265;6.669552968804714e-07,0.99951214125661,0.00048533345716286096,3.671769061419308e-07,1.4911540241962172e-06
266;1.010308886520873e-26,1.0,7.120084501040445e-25,2.7078485285224945e-27,4.7553741102128746e-26
267;4.484601416023417e-25,1.0,5.607193867539903e-23,1.2615175643292546e-25,1.6654984804811892e-24
268;7.31292398835525e-20,1.0,6.226131429736956e-18,2.1647557035316564e-20,2.8169279036525326e-19
269;1.2834457443778977e-12,0.9999999999935254,1.7448093350835335e-12,4.967026037831653e-13,2.949650055078326e-12
270;1.8599701161508e-05,0.9998640550740037,5.425432206946191e-05,8.527251819071099e-06,5.456365094618902e-05
271;5.738273438527576e-13,0.999999999910082,8.727869641497367e-11,2.1323588019416264e-13,1.852303713025765e-12
272;8.430153022455569e-05,0.999418411152228,0.00035711215697841305,3.862389565994514e-05,0.00010155126490924129
273;1.7495407508458878e-12,0.9999999999706513,9.820470546563145e-12,4.59053061004339e-13,1.7319712767754206e-11
274;7.316439761169577e-19,1.0,1.4054931696186607e-17,2.4565759370981953e-19,3.423217633745704e-18
275;7.219425960337892e-10,0.999999824481762,1.724826448704397e-07,2.75740364229059e-10,2.0379101650689e-09
276;1.5904722394685364e-26,1.0,2.4096792191791617e-24,4.730328738580583e-27,6.857505758164815e-26
277;0.024577240479044308,0.8602274991394349,0.05589187042553558,0.020072508593082673,0.03923088136290257
278;0.028823787989908447,0.7804859623808434,0.17188843683238567,0.008140275597412502,0.010661537199449914
279;5.920590827588583e-05,0.31852621205590653,0.6810532826029341,1.9522650771484973e-05,0.0003417767821119392
280;0.0004898952743251382,0.9956114670908365,0.002530772221991028,0.00023066871230595598,0.0011371967005414669
281;7.699353122208355e-05,0.9668042938842527,0.032971104563314424,2.6046325496879146e-05,0.00012156169571393527
282;0.021237126287600293,0.9172318221612141,9.633621547923982e-06,0.022309285871310817,0.03921213205832685
283;1.656343182793277e-09,0.9999999845305095,9.88572797638971e-09,9.213254284373054e-10,3.0060940439641904e-09
284;2.0320220886620228e-18,1.0,1.0466837406088548e-17,5.484819686440315e-19,9.294471940314318e-18
285;0.0013754096633707379,0.9821847989374031,0.01098408427401786,0.00045343113922170195,0.0050022759859866175
286;0.010031331663568661,0.8021469151574382,0.16308254277583545,0.003232303682569584,0.021506906720588158
287;1.961336188997925e-12,0.9999999999487795,4.407581799657332e-11,8.715759448016405e-13,4.311761363839413e-12
288;0.0007524714439016537,0.9977219436882183,3.8431357332091534e-05,0.00032170491845293363,0.0011654485920948707
289;2.810347282998181e-07,0.9999899496920431,8.780478572476384e-06,1.1771137144880845e-07,8.710832845449862e-07
290;6.571227258551538e-05,0.96630003510124,0.03341980035004873,3.1004642601953335e-05,0.0001834476335238998
291;8.98147503227658e-21,1.0,6.118694022091069e-18,2.8995200005048537e-21,3.760298624619674e-20
292;4.385026122688631e-18,0.9999999999999999,7.244315404655127e-17,1.5977717789530412e-18,1.4331621747657088e-17
293;4.023947207986748e-19,1.0,4.062351063136846e-18,1.532074522635836e-19,1.3205019813251571e-18
294;2.6263017438301093e-18,0.9999999999999978,2.2455273258342757e-15,8.540202095288684e-19,8.602022439018439e-18
295;6.654823409372944e-05,0.9992768053365153,0.0004764391375727136,2.5793428512712112e-05,0.0001544138633056072
296;7.49595748357132e-16,0.9999999999999194,7.673287211419439e-14,1.904864198019017e-16,2.8993036299552847e-15
297;7.395442696073208e-10,0.9999997635111615,2.3308104546205716e-07,2.9555339223241373e-10,2.3726953403979812e-09
298;1.78929620771544e-14,0.9999999999943897,5.5262814646746096e-12,6.041819413151579e-15,5.99383231837852e-14
299;5.838314347631812e-14,0.9999999999971824,2.5333227985323917e-12,2.0042897626004728e-14,2.058963793854755e-13
300;0.28252430010118473,0.31312687874005785,7.438601805979452e-05,0.15052239766743827,0.25375203747325936
301;1.0242441675552923e-07,0.9999816470372556,1.7863838770082156e-05,4.3261844941434654e-08,3.4343771267564205e-07
302;2.58643941890157e-07,0.9999979452289274,9.634760937022206e-07,9.919511924820284e-08,7.33455917782266e-07
303;8.982454679963852e-23,1.0,1.3953170428269518e-19,2.6099193121199907e-23,3.8528548782638037e-22
304;8.305563443334554e-06,0.9721737035536211,0.027795002143963535,3.055029398798529e-06,1.9933709573319322e-05
305;2.422703462733377e-07,0.999993713208143,5.409902614977174e-06,9.59902791298041e-08,5.386286166412532e-07
306;5.648426088590908e-06,0.9999802466964188,1.3863114064767005e-06,1.2929062289004893e-06,1.142565985700025e-05
307;0.00010495536509182616,0.9988450905767935,0.0008028745539056072,4.298284191562416e-05,0.00020409666229346605
308;5.758695144725272e-09,0.9999999243971213,5.531430661693446e-08,1.9805478633648096e-09,1.2549329019619203e-08
309;1.0149206488688089e-05,0.9999753421046129,5.978225486248237e-07,6.031947177691553e-06,7.878919172114929e-06
310;7.771707990876363e-19,0.9999999986784499,1.3215501853339524e-09,1.1042834256867984e-18,9.28158756368973e-18
311;6.167016863973511e-05,0.9961219237032525,0.003666353626021993,2.8331867711702546e-05,0.00012172063437404656
312;2.7777450706703754e-08,0.9999973174002126,2.5707068584368957e-06,1.248992332180625e-08,7.162555502432633e-08
313;1.0950007111784707e-14,0.9999999999993497,6.018290660446227e-13,3.7024440611764215e-15,3.381695179436494e-14
314;0.001191690161088946,0.7891047974275139,0.20564786619640155,0.0004987218514550563,0.0035569243635405305
315;3.476833920956884e-07,0.9999890615396552,9.746367837184719e-06,1.327656913906176e-07,7.11643424189081e-07
316;0.21629381338141235,0.37417210405831713,0.18990124755679488,0.06257355981398871,0.15705927518948704
317;3.5809320569562224e-07,0.9734498191170298,0.026549058097127872,1.312371782594011e-07,6.334554583604334e-07
318;0.003216025747380582,0.9146926397380373,0.07169118978749851,0.0017633949204960441,0.00863674980658769
319;1.2072327543923608e-11,0.9999999858262753,1.4128889431814973e-08,2.495476553772991e-12,3.026753473912436e-11
320;7.73050694419432e-09,0.999999306800692,6.641623221166451e-07,3.020522937778174e-09,1.8285956136792385e-08
321;0.0016542268756087226,0.9897795315535857,0.006208461442040567,0.0005024129333491881,0.0018553671954157928
322;1.7621179478146525e-10,0.9999980848055313,1.9146944749363603e-06,3.55633819383562e-11,2.8821841667810776e-10
323;1.0930070849082453e-24,1.0,4.656603541298573e-22,2.4825126697883843e-25,3.4849967968999734e-24
324;0.012994231106344479,0.8938259488226579,0.06545195761142489,0.007552991906536433,0.020174870553036364
325;7.575558429190674e-09,0.9999996489626055,3.215052923407744e-07,2.7497818259996144e-09,1.920676191501761e-08
326;0.0001339345675738628,0.948851642906954,0.05065657615748603,5.428832533141258e-05,0.00030355804265473364
327;4.153374988024835e-11,0.9999999994619959,3.5723806007023295e-10,1.9289591021678884e-11,1.1994256803563746e-10
328;5.575816255210394e-09,0.9999710634346582,2.8914496878926023e-05,1.8010849959939145e-09,1.4691561747039653e-08
329;2.377698596269096e-18,0.9999999999999996,4.814146097258382e-16,9.327323414880415e-19,6.6808603799250246e-18
330;0.0012222427855046124,0.8700722674031902,0.12542901390510588,0.0005219503010757,0.002754525605123547
331;0.0660582770854047,0.5772458656177641,0.17808276287194924,0.030602602543493288,0.14801049188138865
332;4.148501103257547e-12,0.9999999997625042,2.2023793168281095e-10,1.4454217836162161e-12,1.1663965202458983e-11
333;6.840755087375081e-16,0.9999999999998985,9.569376649515779e-14,4.7325786351817805e-16,4.7274509606538684e-15
334;2.349564047048906e-14,0.9999999999997052,1.930956795085585e-13,7.569411789994634e-15,7.051338541271134e-14
335;0.11014317753815335,0.5807866806720094,0.007750032954192279,0.036563686672762365,0.2647564221628827
336;6.024308503456656e-13,0.9999999998837164,1.1362479579561987e-10,2.640233509348387e-13,1.7921709495996686e-12
337;0.0001485210640867411,0.9968400069198469,0.0025681491001753954,6.873956293975265e-05,0.0003745833529512467
338;0.04272750297910092,0.7975188055107116,0.035115868004977395,0.035400373990747545,0.0892374495144625
339;1.02356153989436e-17,1.0,5.47617749795416e-17,3.520176422480228e-18,2.6235521446314518e-17
340;0.0007676192699742888,0.12634682052304358,0.8711462633523792,0.0007820198309878676,0.0009572770236150834
341;0.151294976263911,0.015296446179910462,0.6128863019771112,0.11136419834973398,0.10915807722933331
342;1.111069947940355e-07,0.9999975480660999,2.056691360526859e-06,3.86686359662187e-08,2.4546690867806575e-07
343;1.7044840342084784e-11,0.9999999995114457,4.231856879752277e-10,6.124990400079505e-12,4.2198942852551687e-11
344;2.769307023636815e-21,1.0,1.1318430201463185e-19,7.683457777725966e-22,9.275975933853681e-21
345;3.466036815820348e-22,1.0,4.739847954802309e-20,1.2292653183583877e-22,1.0302864433251954e-21
346;6.40046474847206e-07,0.9999131021793399,8.430636215531559e-05,2.5617704639621855e-07,1.6952349835455289e-06
347;2.0408668464369333e-07,0.9999941374309607,5.051115182266282e-06,8.203419416059712e-08,5.253329784699063e-07
348;3.5078254508860103e-13,0.9999999993469596,6.510461194955676e-10,1.5374361356217384e-13,1.4897707380060825e-12
349;4.2074695211176427e-10,0.9999999984241739,2.661477268382781e-11,1.983308538385372e-10,9.301336606821119e-10
350;7.802853389846347e-15,0.9999999999998727,1.0374363893819733e-13,2.0290810099266214e-15,1.3892733169495206e-14
351;0.0010212008260109234,0.7678863146975135,0.22827478337698107,0.0005404910429324566,0.002277210056562029
352;6.996443962166949e-10,0.9999999731705236,2.389443921504456e-08,2.840415774628615e-10,1.9513510268917002e-09
353;1.8428630404083501e-19,0.9999999999999979,2.0453426732590997e-15,5.412783230305208e-20,4.683800981876713e-19
354;0.009102157627887514,0.9505125099502143,0.010364286775655757,0.004538812837812695,0.025482232808429692
355;8.246091790225396e-07,0.9999701955934042,2.7328073809762335e-05,7.686948246822818e-07,8.830287825252597e-07
356;2.1454231385756965e-11,0.9999999706244042,2.924421444084088e-08,1.1843584723593446e-11,9.808362001367338e-11
357;1.0567399362757203e-19,0.9999999999999988,1.1808228280661322e-15,4.3997827641380634e-20,5.015138731288245e-19
358;0.0646461962681246,0.6979748158169923,0.09344877638886019,0.03950296908687032,0.10442724243915277
359;4.456037081077193e-26,1.0,3.3174409424264496e-24,5.236168651417203e-27,1.4002364863688322e-25
360;4.029318004284941e-14,0.9999999999996518,2.2577599105134113e-13,1.447028376738836e-14,6.771537200131648e-14
361;2.0333774176390405e-18,1.0,3.770619811556555e-17,7.565037927449709e-19,7.054761850717639e-18
362;2.5940336495487243e-14,0.9999999979245014,2.075340747934538e-09,6.413533752523122e-15,1.2552980014278108e-13
363;1.4292056592087753e-06,0.9996314379789345,0.0003633017866043865,4.985033230156072e-07,3.332525478890757e-06
364;0.0011177022144429117,0.8139060605750342,0.1829581891026459,0.0004751443031355074,0.001542903804741474
365;3.1365697364843723e-13,0.99999999997516,2.3368709601340986e-11,1.1337341252958321e-13,1.0443570261407224e-12
366;0.0016487895577927624,0.5523453581113038,0.4402747608439624,0.0007069312097996536,0.005024160277141402
367;2.199879737882387e-26,1.0,1.0168146753789363e-22,5.7092120235736384e-27,1.6305472986726683e-25
